kinematics:
  shoulder:
    x: 0
    y: 0
    z: 0.1626360676698172
    roll: -0
    pitch: 0
    yaw: 3.301239348552087e-08
  upper_arm:
    x: 0.0002398592126196449
    y: 0
    z: 0
    roll: 1.570668265087568
    pitch: 0
    yaw: -2.116154325343286e-07
  forearm:
    x: -0.4249676015237382
    y: 0
    z: 0
    roll: 3.141230638886626
    pitch: -3.140121562873684
    yaw: -3.14158697566258
  wrist_1:
    x: -0.3922542216784942
    y: -0.0006532000680675541
    z: 0.1335611899734889
    roll: 0.004890603778248296
    pitch: 0.0004597675529831816
    yaw: -8.10160314036141e-06
  wrist_2:
    x: -2.077180049566773e-05
    y: -0.0998859805424194
    z: 5.970974053568101e-05
    roll: 1.570198547876382
    pitch: 0
    yaw: 5.032434748780679e-07
  wrist_3:
    x: 0.0001076282505276323
    y: 0.09959474524380531
    z: 4.61630889552348e-05
    roll: 1.57125983604467
    pitch: 3.141592653589793
    yaw: 3.141592554841085
  hash: calib_13868402808830108905